0 1 3 4
0 1 3 4
0 1 3 4
0 1 4 5
0 1 4 5
0 1 3 4
0 1 4 5
0 1 3 4
0 1 4 5
0 1 3 4
0 1 5 6
0 1 5 6
0 1 3 4
0 1 3 4
0 1 3 4
0 1 4 5
0 1 3 4
0 1 5 6
0 1 4 5
0 1 5 6
0 1 4 5
0 1 3 4
0 1 3 4
0 1 3 4
0 1 6 7
0 1 6 7
0 1 3 4
0 1 3 4
0 1 3 4
0 1 3 4
0 1 4 5
0 1 3 4
0 1 3 4
0 1 4 5
0 1 3 4
0 1 3 4
0 1 3 4
0 1 3 4
0 1 3 4
0 1 3 4
0 1 3 4
0 1 5 6
0 1 4 5
0 1 3 4
0 1 4 5
0 1 4 5
0 1 3 4
0 1 3 4
0 1 3 4
0 1 3 4
0 1 4 5
0 1 3 4
0 1 4 5
0 1 3 4
0 1 3 4
0 1 3 4
0 1 3 4
0 1 3 4
0 1 4 5
0 1 6 7
0 1 3 4
0 1 3 4
0 1 3 4
0 1 3 4
0 1 3 4
0 1 3 4
0 1 3 4
0 1 3 4
0 1 4 5
0 1 3 4
0 1 3 4
0 1 3 4
0 1 3 4
0 1 3 4
0 1 3 4
0 1 3 4
0 1 3 4
