0 1 9 9 
0 1 8 8 
0 1 8 8 
0 1 9 9 
0 1 8 8 
0 1 10 10 
0 1 6 6 
0 1 6 6 
0 1 9 9 
0 1 8 8 
0 1 6 6 
0 1 11 11 
0 1 6 6 
0 1 6 6 
0 1 9 9 
0 1 6 6 
0 1 10 10 
0 1 11 11 
0 1 8 8 
0 1 9 9 
0 1 10 10 
0 1 8 8 
0 1 6 6 
0 1 11 11 
0 1 6 6 
0 1 9 9 
5 6 10 10 
0 1 6 6 
0 1 6 6 
0 1 8 8 
0 1 8 8 
0 1 8 8 
0 1 9 9 
0 1 6 6 
0 1 9 9 
0 1 6 6 
0 1 8 8 
0 1 10 10 
0 1 5 5 
0 1 7 7 
0 1 8 8 
0 1 10 10 
0 1 10 10 
5 6 10 10 
0 1 8 8 
0 1 8 8 
0 1 10 10 
0 1 6 6 
0 1 8 8 
0 1 11 11 
0 1 8 8 
0 1 9 9 
0 1 8 8 
0 1 10 10 
0 1 8 8 
0 1 12 12 
0 1 6 6 
0 1 9 9 
0 1 7 7 
0 1 6 6 
0 1 6 6 
0 1 7 7 
0 1 7 7 
0 1 9 9 
0 1 6 6 
0 1 7 7 
0 1 6 6 
0 1 6 6 
0 1 6 6 
0 1 8 8 
0 1 9 9 
0 1 6 6 
0 1 6 6 
0 1 9 9 
3 4 10 10 
0 1 6 6 
0 1 14 14 
3 4 9 9 
0 1 11 11 
0 1 8 8 
0 1 9 9 
0 1 11 11 
0 1 8 8 
0 1 8 8 
3 4 8 8 
0 1 9 9 
0 1 10 10 
0 1 6 6 
3 4 10 10 
0 1 10 10 
0 1 9 9 
0 1 14 14 
3 4 6 6 
8 9 12 12 
0 1 10 10 
0 1 8 8 
0 1 8 8 
0 1 11 11 
0 1 7 7 
0 2 10 10 
6 7 10 10 
0 2 9 9 
0 1 9 9 
0 1 11 11 
0 1 7 7 
0 1 7 7 
0 1 9 9 
0 1 6 6 
0 1 9 9 
0 1 7 7 
0 1 6 6 
0 1 10 10 
0 1 8 8 
0 1 6 6 
0 1 8 8 
0 1 6 6 
0 1 10 10 
0 1 7 7 
0 1 10 10 
0 1 11 11 
0 1 11 11 
0 2 9 9 
